12 10
17940 29203 12481 939 6461 15364 15846 31626 13045 19747 18684 4921
6 4
1293 24031 25974 9856 29218 24682
5 1
30923 2848 20006 32112 4911
26 26
10269 23307 3573 5064 24968 27084 3819 28286 2274 23692 20090 29084 7780 4786 20034 30934 11588 20396 21704 15912 7897 20867 31167 17680 18688 13747
10 7
28158 4647 22765 588 1735 19070 21266 10397 23251 27037
22 18
10152 25993 3897 31072 4530 24346 9151 16227 7977 22902 2212 24586 28030 733 24441 12713 2177 19312 23852 17803 27685 28646
100 2
4 4 4 4 4 4 4 4 4 4 4 4 4 4 4 4 4 4 4 4 2 3 3 3 3 3 3 3 3 3 3 3 3 3 3 3 3 3 3 3 2 999 9999 2147483647 3 66 4 4 44444444 44444444 44444444 44444444 44444444 44444444 44444444 44444444 44444444 44444444 44444444 44444444 44444445 44444445 44444445 44444445 44444445 44444445 44444445 44444445 44444445 44444445 999 1000 20 20 20 20 20 20 20 20 20 20 20 20 20 20 20 20 20 20 20 20 20 20 20 20 20 20 20 20
100 97
4 4 4 4 4 4 4 4 4 4 4 4 4 4 4 4 4 4 4 4 2 3 3 3 3 3 3 3 3 3 3 3 3 3 3 3 3 3 3 3 2 999 9999 2147483647 3 66 4 4 44444444 44444444 44444444 44444444 44444444 44444444 44444444 44444444 44444444 44444444 44444444 44444444 44444445 44444445 44444445 44444445 44444445 44444445 44444445 44444445 44444445 44444445 999 1000 20 20 20 20 20 20 20 20 20 20 20 20 20 20 20 20 20 20 20 20 20 20 20 20 20 20 20 20
0 0