47140
9882
62725
23145
51695
1852
58811
59544
9461
81286
99635
67580
61571
81711
95216
2213
31099
87639
26894
19507
6958
49785
69727
4349
39731
31719
95770
23717
95160
46801
3083
99446
74250
42218
29194
46390
40046
69537
22710
2794
81041
34422
76061
30998
14028
46599
5999
33940
6200
39010
45944
91003
13574
56709
66750
97658
7144
16576
62371
34465
76339
69570
7898
81397
10029
3717
49383
66956
59306
931
74987
35502
2599
79758
57886
21746
9170
76659
26622
84820
92144
96460
28563
16242
60516
66284
56597
36342
76652
76097
25026
86925
99918
99835
29346
88107
95487
20371
4907
27822
