100
47213 73
9725 5067
24255 37402
9470 1727
482 22286
31445 26977
26651 8
23669 20795
5033 28793
41635 43927
31352 24443
8535 34472
31269 42373
27024 11538
1793 39837
5585 34951
40017 18032
7877 15309
16693 16716
38658 17346
44322 16831
16838 22547
43341 23416
4996 40507
36877 817
24916 46287
33546 21015
15831 33451
44645 17601
10225 42855
30249 46437
16912 15809
30774 23053
39425 24788
41790 47123
16740 30869
6202 38899
14758 33578
26528 1987
2803 19753
18827 15848
36519 27719
13613 5159
22416 5137
435 11044
9924 32640
892 30683
6179 26835
4066 31323
31232 45603
28916 45855
37197 416
33993 34774
36760 4742
24494 12964
28811 39220
19382 42977
579 18116
22909 32994
43694 22995
8078 23343
6470 6061
32552 8627
39949 12648
10695 36617
35258 23624
24039 39610
27170 25242
29983 10818
23438 16374
8380 6920
2684 5035
22808 27418
12855 3262
9977 95
403 5636
2056 4675
3595 7695
4224 3215
1468 5131
7963 4323
5337 5927
3047 8233
4571 9212
845 8382
1305 1759
3387 9307
5020 555
6063 4414
3146 3737
5135 7753
2450 3548
7005 2953
6167 1807
6937 1251
1337 3397
5086 4922
8917 2436
1670 8133
6537 3511
5269 8254
3346 3604
4158 8655
3092 8365
7864 244
3759 2000
5547 8761
1736 6208
3777 2574
9564 3665
2824 6476
7160 6663
9099 7910
6065 6100
9610 791
4808 8364
1991 4901
9318 8153
2304 6148
2154 8172
194 190
4714 5912
7882 1503
9816 2212
5877 7421
3919 5166
1851 8700
6632 1102
7201 972
7503 8459
6846 2596
3259 2333
508 8836
769 2599
794 2811
8741 8663
4597 987
8230 9217
1451 8242
5685 8068
3256 3090
1813 5367
2231 5107
1841 4207
2689 5194
7789 9343
1698 5297
4155 1070
9408 7946
6519 686
9348 224
6951 1045
284 9708
7972 966
9033 7475
587 9419
4808 8052
3181 8139
8109 2801
7994 784
150 6560
1879 5805
2637 7587
5555 1796
2481 2068
8031 7837
8881 1852
7322 767
1732 4928
8165 5316
62746 21
25873 52163
11134 11389
2657 55852
47917 52993
43280 25423
16412 18837
11627 34992
10283 25640
7501 52230
5033 40587
13767 27456
60199 11540
61529 2098
37763 56565
9794 42662
30280 23507
34895 33868
26973 39615
29861 37551
61175 10346
29182 8596
23191 46
3857 84
4260 9658
19654 20378
11688 22036
14172 21671
13020 1229
15620 21089
17755 9494
20159 17146
10520 9645
15720 10525
2093 3499
14558 4465
13665 8045
24 16915
19950 18330
4796 6832
4018 1018
2815 4210
5642 15706
19886 16986
17836 18661
7915 15266
9221 12399
1804 4883
18359 22692
5951 20476
1749 212
8257 20509
17184 18365
16455 8280
18064 13942
14960 1012
5221 22081
17547 20726
14520 13814
12235 17194
9268 9164
1324 20150
4793 21440
701 6079
3363 23151
172 6652
3969 8063
3237 11380
19659 913
51744 49
19288 26142
37310 24694
37985 33754
29892 25692
5386 26316
38272 45949
2557 1261
31030 45088
29467 26088
8699 51399
48509 12179
24776 4185
18336 13814
32387 47262
5021 14053
40194 1304
25998 20149
2158 21599
47291 8078
34393 32049
22093 48516
49776 16761
10104 24649
46576 24902
24556 35410
43429 3531
3555 21320
35133 16460
7817 21891
31783 11615
12918 12837
32985 20232
41831 34755
38673 35142
11287 33217
29988 21321
33921 33379
2124 28020
1177 39865
23530 48699
48069 25732
42891 15214
31673 51624
17610 22119
29573 39489
48166 49392
17879 42490
21341 29406
8644 3805
1933 84
1308 712
901 240
514 730
178 1850
1893 531
139 1603
186 1648
978 1890
1402 1790
93 219
1418 318
499 458
1794 439
1201 1075
1053 1713
491 473
811 428
1256 1392
1407 1324
20 1433
1201 1366
1180 257
213 1386
1243 224
542 1713
196 1434
1891 125
662 694
1868 1751
1630 1863
501 987
1513 286
1677 1410
800 835
334 1250
781 918
1174 1535
987 27
350 1386
1264 395
1828 891
1114 1459
219 1884
1702 1776
1804 252
1239 1497
1782 371
1780 818
1653 1526
941 745
1761 152
1785 1721
1847 1001
552 938
1332 362
1351 1815
1340 1326
1276 531
373 1657
1909 1143
706 342
712 1313
197 555
246 657
1500 15
167 1186
1072 1327
493 18
955 1084
1445 1044
1024 453
1778 862
1393 529
253 1120
330 1864
273 327
1639 1035
1688 1083
1839 1
115 1933
1284 1405
898 380
397 423
1506 1390
58905 94
20938 52360
4082 48572
5244 14799
28214 34107
36820 23043
33451 11775
56994 57226
7860 51855
13413 28957
25189 49591
35803 56797
11324 49342
35480 19526
29860 370
40661 43262
52653 37249
42853 2693
17491 56734
31936 48096
12233 2736
14511 25787
40044 2715
11601 28536
14524 47903
38589 25013
38842 39712
46086 15486
50948 7197
7566 38597
22953 21902
16183 48226
7950 32637
46403 130
5257 41377
44113 19433
2251 33426
52077 15655
44190 42294
31291 4772
45721 15745
12489 26911
58333 41594
48791 58574
38265 50375
29309 56356
2709 18250
50886 2523
2652 26595
9067 38383
14847 23845
57270 53179
9928 33034
16422 7473
12244 11149
42830 4745
47592 14996
13622 55318
12018 4052
54426 3507
16894 7315
25564 40766
43288 35539
3229 33481
28896 2971
26815 12295
22505 774
33808 41116
48588 48369
612 7261
27942 17863
48796 43441
55791 16629
20680 3512
7018 8903
16217 32137
13998 39848
16482 57717
48230 14317
17288 19710
47941 18220
18993 1134
58187 11540
16940 9832
17093 47869
22764 17551
18023 45034
18694 12654
16165 30845
55685 55310
44479 39119
20061 28933
27745 15508
29824 36542
13283 33006
59618 74
19123 23347
15980 44813
51869 39909
38188 47512
8700 59157
38282 8357
58269 39357
46387 18082
42615 20984
46785 32373
38729 38129
3243 3961
839 17238
177 29210
1459 59018
39076 45267
30461 36911
33531 55056
59279 22711
38579 12101
36787 8361
4429 33573
51654 35438
56421 7527
39900 34650
29491 300
4260 19010
36247 49063
18654 5098
4497 52753
38401 36443
30065 285
55340 9243
48284 3978
32408 11712
36402 27244
1198 9576
1725 40830
48357 9563
44213 14858
15157 28638
4359 30415
36189 35746
40843 56935
50069 54843
47997 2052
2336 28851
54423 18443
22420 14387
26098 43088
27044 11539
21115 2882
43711 44571
54134 22839
37696 48779
34128 55058
42184 9564
45309 38486
35802 18754
30308 26534
44915 42582
11814 18686
53459 3962
18348 6619
6418 32590
44129 44445
47326 33461
34744 5625
44793 47749
36909 45589
41028 39201
48764 11419
6616 39923
58676 50785
9490 29
6715 2066
2241 5754
6491 485
9211 945
5585 3156
8366 9336
3721 6995
7915 6996
8076 2662
2828 7547
7879 3358
3780 4129
8301 5945
7355 4314
1883 4004
5031 4724
9439 8597
9081 6234
7178 5401
8556 8801
8647 3272
9228 6393
2860 2877
4500 6614
3633 1445
3765 6289
927 2021
7965 6506
1329 8189
81289 3
49866 67808
43099 3991
76084 56329
99718 83
39601 24761
49333 5719
15616 60203
11963 97980
78882 34535
34212 23032
82302 14770
88184 70972
26815 36216
28036 39793
19909 97348
64642 27217
27033 84903
16092 19201
86939 27680
52441 66984
72702 26821
30505 45255
86716 31799
9816 42467
8980 65879
24130 44027
58480 91281
70978 12596
95588 85294
26405 99013
26511 58978
87362 34529
53729 96744
24705 3736
14201 40949
11251 20627
65881 30384
5665 41755
27703 52879
19039 15480
2988 79882
14926 43169
98964 61467
90242 85903
28679 38315
97292 60129
94657 98390
95415 84936
32153 48667
33098 20401
41028 89553
20218 44348
29585 7190
3550 25882
84561 57287
37451 22589
9239 31030
35978 52376
81761 51684
89998 26502
30112 53921
52592 31053
59470 25050
17198 91488
55371 35104
24938 93495
81325 96398
47069 88356
57719 11191
11959 50619
16689 42562
73591 92609
88467 69127
21092 9851
79552 13991
67911 54571
29105 9945
78194 63985
55754 88575
67160 38873
32650 11406
51285 92098
24217 14256
68646 41836
92454 81935
24778 80604
73495 52624
67625 45
38718 43422
42163 15189
45054 38796
54254 30441
36662 4884
42678 4121
59127 2396
29267 10248
34680 47174
22309 39256
34969 38091
39251 40048
14362 18762
35026 37619
38345 8576
51997 43596
7011 9437
64084 42386
21053 52064
56947 50712
3059 57715
60110 32000
42247 62185
41734 37603
25085 25153
63243 12269
52317 60053
27041 50720
36565 14905
23480 62066
53888 7284
32572 23703
14315 60898
45336 29030
12116 35367
41308 50510
30736 31026
25586 49644
19622 21209
46361 15546
27814 44706
52986 41978
40924 28357
43261 28253
22694 9864
61592 21
31660 42384
23844 59644
31535 34805
58618 54125
51977 8896
38075 60866
1855 47056
8306 9528
10750 4123
56948 39372
13351 61170
46546 13568
24171 10137
5566 37059
13266 22869
48276 43051
41102 27950
1162 10527
3060 55661
2964 42803
42077 38060
81750 39
34530 37153
3005 39161
11445 18979
52094 70062
832 58455
66491 66
56400 27604
58296 68538
59209 63927
25600 32545
19352 13074
45414 54710
40622 72949
71526 62321
673 24270
68524 21717
67980 35202
54180 71528
66942 79424
63230 31626
31691 74875
20728 47971
34758 13442
77368 4375
44021 19318
32392 21218
1279 63372
61672 3157
72580 41900
73272 51448
80266 73252
33805 67147
56925 66495
64168 13336
44961 49218
42342 45648
18970 2003
15444 70171
74545 60829
95312 96
60189 28767
13639 19952
31006 11857
78414 92560
54015 19671
38032 68905
57500 40047
21603 32422
76780 25514
49395 76461
71090 45436
47909 75550
28244 6337
7181 50260
11907 47474
76240 29173
40148 63119
74975 80902
78150 71154
81848 58077
22693 36852
67922 15592
48013 71216
1417 80549
61697 20504
56964 41835
13096 28498
25858 9560
50843 41339
88812 33038
53235 62750
30556 69740
55329 93382
60247 10219
59319 38166
66042 37807
53398 82011
57915 29675
14911 92434
17626 50355
92190 67631
87152 74589
75172 9973
42336 17697
50735 30702
84475 35835
1286 94993
93062 19719
20961 56615
85804 49021
86827 80279
58001 47557
77232 44912
33057 20603
61982 83166
46509 41706
12006 49883
50879 38348
47069 78201
13591 93214
33737 88827
88507 2753
13495 35022
82660 77280
30988 34455
19421 64176
16420 22502
58437 77422
89048 84675
63553 91494
28911 46741
1311 14749
44120 40917
23805 52190
50091 91188
75726 28419
22196 74851
5585 68920
50888 35690
61169 79268
48131 72899
89 71613
44746 64551
44937 49549
36754 38482
85222 13177
27925 65665
11269 77557
25458 63069
49968 26097
54516 75548
46111 30382
90325 67735
8112 42719
26674 36924
14511 60304
2277 64
1257 195
1650 1080
1306 1021
2117 1489
844 502
778 1561
1540 882
1011 1648
507 1270
1797 1723
181 542
595 1633
946 2169
73 980
223 1518
27 561
1641 1479
222 1676
1479 669
1762 653
2214 637
2110 854
224 1476
468 844
881 1323
1864 579
527 1062
1545 774
1753 1472
1304 2209
493 290
1768 1330
1320 2133
1116 304
957 522
1750 601
1454 893
683 1583
741 2270
1907 1743
44 1621
997 2085
581 570
356 856
788 648
937 1659
711 1280
1135 427
1323 2031
867 565
1757 2
1486 339
236 934
1518 2168
1633 976
912 1147
954 2269
1153 1908
487 2127
497 1509
890 1274
276 2026
767 1601
1946 2002
31160 61
22140 18508
8442 28598
26887 26290
10027 9945
23038 8059
17908 23201
28985 22173
18090 2014
7087 20411
29790 11233
6528 15534
15679 27760
13684 12153
4360 24711
11991 20314
7661 26473
23910 2970
30492 17335
27279 20868
28926 9358
2630 20388
12633 16905
18919 455
22097 30722
10794 27237
12842 21958
18557 18553
777 28520
22071 2313
22626 5136
448 4133
8334 359
18925 25590
15297 7665
18254 16275
5502 14295
39 22116
23802 18134
18927 20189
17498 14738
6767 29720
18344 411
28931 26555
28867 19120
24255 21073
26437 20333
21923 24703
20364 3610
12507 9687
27193 5732
20026 30760
22947 1534
20900 21297
11557 15588
30325 8666
8458 29054
29465 7163
2558 26801
14761 28467
19611 264
21828 9087
87687 48
75396 84244
18857 48598
5928 20974
31491 41414
32139 63820
76341 37377
6987 29054
62820 14618
72013 40374
86686 40464
64535 3500
77257 81754
32477 48386
44008 36603
29660 8369
4925 1433
50030 17369
9324 82451
7159 55957
3072 40814
49173 39297
68350 50394
65011 27141
67514 14465
54928 20319
23818 37494
2542 2757
51142 72057
20972 35019
43387 66132
67564 21614
9964 19293
14056 888
56845 19287
31083 21215
31493 30898
81291 80255
19708 70825
85289 29597
49915 58203
66679 52529
26268 73732
29083 40202
75220 77409
26835 50055
42650 1901
21194 6711
7599 52613
26967 73
20161 22624
25853 3108
19681 8281
26647 25234
7113 18803
23085 6014
12442 22992
26738 7143
17890 16263
25840 22868
2689 20475
17536 23796
646 12504
7786 10350
8808 3502
5588 11567
21104 8431
16711 4473
9169 20248
18513 22820
8296 16282
12306 14630
1235 201
22893 12076
7977 19125
19062 1228
4487 17095
2632 16060
26410 5132
15063 16847
1446 14680
2573 20650
4585 2013
22260 25714
21566 13753
3067 13805
7898 9325
9525 15373
6911 9132
1289 5450
6678 14887
11445 26780
15873 17594
22725 20506
10385 15315
9457 17250
17362 18261
20273 12029
10775 21946
8731 21995
15262 5374
21128 11798
6633 23159
5324 3685
15564 13543
7893 13042
12855 1704
19297 19337
19305 1760
23504 21484
11766 2722
20982 5993
24451 8590
3568 20717
15744 8259
20062 18729
3559 4039
230 14222
24336 16621
9626 5553
18595 12932
21066 17518
16317 10912
19581 74
6569 13151
12418 3571
10230 2690
6273 3057
479 10855
16479 14097
19067 1013
14249 3127
15123 12456
5218 4579
19525 15485
17360 15942
2293 5495
18737 5269
10156 14669
12022 15709
3482 16724
19414 4858
11699 17495
8769 9889
4404 15961
16973 5666
12577 7674
4332 11641
422 8118
7806 13334
9694 4149
9644 9368
18420 15770
10857 12583
8711 8994
9921 7082
11939 15976
13890 13537
3844 7840
4219 3077
12526 12031
3907 1611
17035 9305
17423 12023
5775 1659
5807 9431
18798 15468
15440 15450
8452 17636
10832 6716
17581 1365
1543 4955
2694 9938
17778 15432
2711 6537
2771 6199
11593 19021
8744 10461
2902 9046
10704 10369
218 8676
8346 16511
16163 3218
5056 4205
14704 8817
10181 15888
5045 12703
6843 11724
11358 7739
18059 8823
15022 17853
17292 1248
11709 7033
282 6454
16823 18394
7489 10985
11698 17040
4461 15834
7005 47
486 1239
1431 4388
3389 5076
4451 869
6249 3981
2282 3746
3967 1766
4589 3237
1192 442
4124 6182
2825 4384
3051 5494
6565 3507
1446 2785
1174 6324
558 2965
4525 5836
3906 1988
2856 908
2060 5528
2269 6276
1037 4342
573 3407
3849 2797
6150 5941
3319 5144
3632 6146
2648 6370
6326 3191
2510 4093
4229 4671
3501 239
2226 1748
6833 402
5929 2254
1524 1887
3400 5369
5948 6737
6705 3973
2908 6968
5106 5849
4990 3399
2763 1732
2094 632
1896 2083
3925 4603
4841 3296
49845 60
19188 42879
8307 34893
46341 6194
37872 18852
27696 1066
39950 11666
918 7205
33536 12227
9032 368
7671 32075
21208 12289
39143 13890
33979 13090
41450 41687
23754 42187
35220 18442
41821 42941
37621 32013
39351 38317
27869 25648
25800 17201
12893 17973
18686 26718
15572 46428
28657 27718
40006 23243
25619 38351
39927 17791
47964 9752
40425 31531
38460 10359
3455 14286
46298 30435
7393 41075
5364 35804
41491 35261
3388 31164
46368 4538
1120 22074
38278 12094
23823 18263
45100 16925
34715 49441
47680 35181
5354 21321
31679 38259
41032 43813
24402 23620
3337 37484
11929 31795
17210 8700
28350 41907
46444 9085
19645 13359
25453 36051
4468 8077
13488 49275
37358 38055
23390 48203
8165 35192
69798 71
22137 26718
5533 58667
43301 20710
43135 178
68023 951
33960 10497
45925 59612
56567 15688
50275 38422
9251 10586
33678 695
10996 26883
7231 67436
63994 19539
52190 62115
19034 35675
15962 4529
25238 15984
7579 50680
43048 59790
61704 67020
48251 7210
14315 37831
67670 35019
37023 56007
56701 68339
25423 902
59755 67697
8855 24071
16387 53950
11244 61044
56990 26838
42822 18623
60720 3847
63636 41818
39039 33970
32597 46960
14992 8909
43928 38329
24537 4281
2821 11152
3471 11439
755 28243
52313 63225
47376 9609
855 60117
17157 58619
7444 49262
53109 51396
23415 68163
23752 38364
15525 53872
62780 47766
16296 21934
26215 28327
39478 40832
52271 29035
48696 42948
27792 44443
54052 31210
21529 5369
55406 54906
25787 30103
11700 54267
44049 9097
38879 26532
2023 59219
37186 45821
67755 64803
14749 53482
15933 15589
4363 14
2304 474
1410 2959
2348 2025
1058 1571
863 4275
2680 1864
455 1771
1058 179
4248 909
3399 346
4087 540
8 2478
803 3907
2678 3281
39763 32
6893 21872
26873 21485
7721 24357
3095 29914
31684 35251
36547 27316
13642 8033
6928 25128
3696 32555
32185 21360
32590 5953
10115 12224
20401 17860
448 3542
1716 18045
153 5168
26652 5302
29658 23719
10562 34372
26552 32753
20305 2483
7208 23335
8700 30639
20123 14136
35495 9088
15041 9237
21461 28321
3110 21848
25389 2098
20142 3557
8724 27105
32406 16988
31785 66
25155 4323
3979 9713
14292 8190
5779 13773
15197 18854
17278 27974
12002 10291
5718 2459
11924 27269
402 690
87 23588
7521 10951
24897 14789
26441 7001
29470 14612
18935 17007
1241 22840
31029 22913
4900 15533
8908 11329
13825 26404
11216 707
3165 25826
27616 16933
23930 21395
13197 2539
13489 24016
7019 27024
2239 12908
27519 7981
31294 31709
29070 14668
12103 7057
22589 2835
20470 23309
24234 6018
6724 2509
28334 3664
26904 9888
31282 24164
26702 19048
17585 19000
14238 14713
27620 30911
13413 16477
22707 23353
12543 19229
26285 26298
29132 24645
22475 17088
23105 17816
26632 14924
24894 4350
20544 23180
21866 26319
19888 20040
13561 16782
6016 5688
11120 27798
18796 1850
25203 24532
11975 16024
10536 5960
5126 6474
29868 14189
6527 27600
95784 14
32740 8822
24463 76376
20053 30067
41097 31859
16611 69698
14924 21652
24869 44700
12269 85585
25486 5160
202 12043
65025 7888
93715 66613
58639 72061
33321 41477
23724 7
17521 11744
5119 2628
4638 15223
622 8819
2776 17299
7606 11364
14163 10095
95202 42
57252 63047
13259 69467
24570 7959
15697 46897
1163 14376
21674 85445
34590 74264
76303 64032
16203 8584
47079 88025
50419 83570
17220 7416
27345 50043
35153 90166
42693 47141
14986 63738
25868 4742
566 16110
50873 50437
52678 4129
89573 52035
18962 74352
31047 16827
25410 83130
63818 47249
23482 72488
67769 19035
69077 40702
35665 82979
34918 92095
48496 66223
58831 37769
41744 74363
29597 47262
51390 80482
25181 70141
49290 45761
50453 32008
19936 68202
20248 75862
41014 83753
90653 43729
46896 95
17759 4045
16740 24030
20623 9630
30464 31683
45588 22211
44932 32017
35223 40876
41726 6746
5392 26305
4952 32959
43488 46526
40851 40281
4082 40729
23364 43414
3926 35518
39563 12475
36505 21684
9297 9406
19072 35111
35305 17744
2864 17763
36623 33340
18069 38086
42374 31452
42395 23460
1073 430
40710 38986
10803 19908
16425 22775
36277 34166
24624 45230
20017 28943
16332 14232
27326 7297
25040 35403
31150 15734
27058 27904
43973 20876
30311 45126
46570 17435
17864 25809
42779 746
20653 36557
37316 6685
40850 15062
13395 26696
33622 18577
10793 11396
18692 3057
16443 38118
6956 21716
2723 696
46451 34013
10226 24679
42113 29866
8778 9899
10645 37960
5605 4660
36224 9281
24342 42920
703 8161
4722 15721
27116 34324
15364 15514
31615 23791
45506 31806
10486 16554
28550 26212
3995 10040
39905 38776
26658 24091
15155 26667
9310 15286
24567 20759
41662 45534
6798 26892
42612 42364
7775 36399
5016 815
24606 23138
8047 14615
9152 23215
2531 18532
6556 37702
7565 31405
8599 46460
4214 12206
27492 1737
479 38404
37041 5162
10037 42140
15591 21822
36205 30633
31447 23365
46502 19204
3092 9
135 1313
88 2878
2467 713
2377 683
823 1179
2264 1143
1472 2648
2723 767
2436 1146
99511 65
49232 67680
99489 27230
7383 95776
23520 30520
60022 66005
80382 98092
67582 41461
42285 3037
95858 64140
41569 8450
78828 94157
60734 9510
7335 1574
98363 86387
18375 445
68124 40057
31018 67606
27602 31833
62353 38400
68137 14853
76676 86106
28055 12739
15775 44746
72617 34071
6252 75365
33742 14674
24184 48811
50385 94475
45083 31518
95205 12968
16756 63457
94794 27550
59382 47773
49905 22884
1468 22223
72060 18530
31268 78144
23378 603
97916 10775
86139 95995
74400 4656
53467 83612
42308 98583
93832 67583
80550 87390
51335 89526
17564 97305
45566 46617
33232 40677
62900 95470
77731 34699
13331 98691
99294 9488
20262 36709
96435 61430
66086 70132
17964 35055
34127 83284
51355 60271
48149 91690
81704 95636
93429 63215
73563 62999
4165 3215
62417 7283
74272 22
3988 557
20451 56300
63189 55249
24127 20242
67677 30758
58322 25285
72978 53309
13362 688
69688 48810
19924 4799
31961 30247
47794 22547
16229 62771
13942 10477
66828 46537
64054 14300
13288 13504
11440 10232
47434 19164
49922 52526
3538 40838
19874 50931
42307 89
11596 16796
42057 24476
39477 40938
21034 33966
10529 38823
3392 5050
4967 20728
30981 14366
22083 18714
13535 10327
7335 10001
39565 30614
5213 5923
12545 7641
9609 17607
11767 15989
17829 40876
39507 31188
22846 14999
11514 18233
647 10740
31467 14905
6635 5614
24327 20140
7832 28717
16083 37861
26167 34838
18125 13340
20980 8745
3716 30669
24022 7953
26194 35154
24034 41850
14541 23393
18990 24244
34983 3419
37996 19637
2615 24142
21647 21995
8405 26941
42167 6843
41680 24487
15191 3391
31807 37169
25530 13535
41160 35522
28368 7244
6786 25046
25803 29766
11703 40999
2110 2485
41793 24050
5885 17470
39465 2100
6406 27531
11738 25234
7413 6265
29327 11110
5971 42275
13502 18827
12041 8865
35780 32026
14764 17774
24904 258
18621 17931
40088 36606
18349 40403
15565 39573
19038 1598
6493 12722
37955 25443
9072 18230
6704 22732
64 38398
14917 32346
41210 33238
22956 4323
22096 34682
12304 15085
33015 4692
18663 30925
6385 30795
5426 14376
35645 21949
12036 24463
27270 42137
18059 27355
27452 36341
32431 2127
29258 64
19607 28588
4906 1067
1494 5464
3416 12983
5010 29111
6048 25380
186 27269
23541 28131
21901 26550
21780 3946
3299 1826
7043 18121
26537 14838
1303 21504
2824 26681
21046 21559
22625 17466
22929 25951
4711 24118
19007 21380
12538 4757
2767 20090
13999 12723
10014 21344
20325 6641
8466 26829
15691 23624
9203 10544
2790 8005
5427 5542
27100 649
18114 26473
18201 15503
10362 11785
28200 17948
22704 24404
15236 6515
19237 25470
12591 29234
1652 24286
16892 3658
27281 5153
15696 3324
6364 2261
7802 18485
14169 6827
28335 680
16182 3025
9845 17277
1002 21579
16725 3822
10337 23705
14953 2702
26971 24609
19637 27543
1942 28622
28810 2306
666 24258
26519 15247
28768 7029
13855 98
777 13678
11738 12931
25244 11994
46472 82
2968 4689
39392 13835
25608 35940
17748 28910
11730 5046
29973 13556
25646 24522
28405 17430
3052 10113
18563 21401
30355 27343
35851 10920
12468 1803
5741 44014
3894 41351
46040 3471
4777 6861
30272 26431
8868 30384
35429 35491
36519 8069
32590 18929
36358 3164
748 1995
10867 26881
7752 19310
30229 41221
43024 31074
28615 30169
25047 36236
27178 32508
26840 12086
25988 31954
15865 44583
33602 34855
30396 38765
45165 23648
14283 3985
5979 22522
2930 15030
34339 4318
45538 44625
29226 5568
35736 29561
19324 45313
18820 1782
1340 29
19454 45660
31242 27327
3182 22790
15082 18371
29490 33577
37561 1246
23767 43772
12329 31012
35329 14169
12321 34140
39707 21866
4955 41547
27859 28970
18223 11750
11779 206
33337 19562
34361 18704
41494 18107
36477 37542
24646 44047
45293 6967
38210 3206
21689 10059
24227 38011
25678 10545
32411 36548
19094 18912
35353 24837
36586 34424
34629 7103
14137 35836
8068 21494
39600 2025
27038 3089
663 17076
40115 69
18088 16206
38967 34561
18850 37889
35490 5399
16772 26280
38031 26926
23041 28725
37262 3424
26398 21058
10053 18505
4744 38648
7320 32645
9401 32553
14571 32670
22049 19001
27853 16446
3538 32784
23204 26704
24750 22387
1198 18578
38151 1406
22778 31875
35298 21076
34780 12571
31075 14227
5407 37480
30009 28465
20902 12726
38043 39410
10942 28120
4450 12623
38053 38794
18030 634
15667 21141
39719 2664
36831 16864
8623 30401
4008 19493
24711 36567
10678 38788
36152 15670
36782 16084
21457 18692
17986 17568
5572 12031
24653 28927
20253 2668
3301 15238
36378 38282
33592 18967
28477 28628
18913 30307
2332 29746
26197 22921
14240 27042
35358 29522
38252 10276
28967 32024
2124 19593
24270 39600
28411 7695
3010 1455
16692 1195
39476 6310
17924 12954
34229 32952
15791 39047
28678 13026
28593 10769
69556 19
18366 68323
65207 13204
40126 38248
68847 352
53325 44599
54128 65952
56583 8811
17968 26439
8848 52428
17976 57735
46283 67462
60087 10028
18969 28062
7318 54205
34569 23974
22741 22341
23840 41230
9921 6687
64890 63965
22744 34
6391 14194
4657 18127
1613 19689
21396 9916
18590 7160
18189 13539
18455 424
14181 13424
17184 1451
19096 22298
18530 8828
12022 5260
7211 22038
20882 4730
16705 14808
11090 13625
13839 351
2127 20578
12581 15451
4699 5610
19149 8426
13682 143
18398 14859
21141 5118
9504 12838
3753 17492
8 5289
9414 15774
2592 12050
4113 7552
3264 19296
1735 20034
17867 21934
19472 3861
2855 62
2602 1946
2847 2738
1597 2093
51 1741
509 1013
2645 72
1878 2608
1130 2238
769 456
2583 1925
581 2060
463 1965
1625 304
2663 1666
2397 511
1273 640
522 2143
197 1264
150 935
764 248
1991 2330
2082 554
2791 2685
286 2029
1098 705
1581 13
1978 1678
1981 2043
2525 2419
74 606
1245 2067
1354 1347
2610 584
1518 368
615 1576
1051 2282
1652 1422
1252 1949
1122 1587
1108 354
2038 1037
1531 2688
693 1160
2396 2329
79 362
2428 2469
2632 1323
1906 2599
111 1204
1596 569
1667 2397
963 2646
1740 463
866 1031
201 1678
2714 1974
623 2239
2215 1390
863 1315
1677 1755
186 941
1080 66
81109 68
44714 33093
67485 41011
26319 38211
39774 78466
39980 48536
76294 33363
22897 18316
46125 23053
72536 73571
67854 52197
18218 38889
80250 30314
73279 19791
4509 36541
21829 37544
28872 35008
76019 24779
62989 15247
12603 21228
27999 60998
13252 52582
29133 23184
4472 75493
26190 75258
4581 77007
74131 12935
1484 22798
825 73271
68047 74763
70542 5333
79685 8767
33545 18304
33550 74594
54058 54769
74002 4388
15205 947
63475 6144
39872 44337
77830 26182
22079 66062
78996 40646
21680 54446
46607 80479
32368 22504
27836 72890
547 21800
79448 65756
59241 73436
5331 31888
75620 32189
72480 79332
4367 9715
12288 13082
39263 44238
68535 9008
7890 19578
74023 66421
24027 29569
52072 78865
70645 14630
75775 38143
22789 29427
21753 74113
64237 40265
72453 66428
64651 58747
26698 22060
35141 27253
34456 34
5740 7932
15653 10951
12487 19608
29061 28886
18443 17547
6709 25648
4414 19093
23012 24828
15590 15729
23351 24816
22855 28320
20560 21849
23476 12002
10433 31114
17369 6573
1056 29519
6013 9660
29268 16709
32146 18500
22598 23872
1616 2684
21777 29306
6229 6029
8309 10332
21699 21819
15682 31660
5604 10097
22098 22793
19450 15631
22203 32530
14145 23370
33030 9810
13070 6709
25208 14393
76120 59
73163 1582
33135 47399
7212 57027
32062 30292
41726 26240
52043 23905
21817 59479
72768 23046
5668 66595
17548 48489
20779 57046
36832 5332
58489 792
4784 44629
68300 19496
34869 69335
40614 3015
60041 68004
35967 61617
11736 29775
67471 15364
74842 63779
24496 13167
17433 71489
57650 30164
24881 34981
54104 2308
16891 61712
44013 50264
69760 35466
28680 49984
52998 42300
47975 69293
68581 50711
4365 7821
23184 4197
5647 71835
22673 35698
44858 30142
74097 40106
12758 26387
28694 22858
22241 66861
41005 45584
4929 3925
53909 48436
14615 47401
40573 44578
19168 62590
8082 46826
51022 23532
33038 45058
4635 70460
24481 69503
33488 49492
13551 36250
72899 60037
50777 42244
25500 32811
31013 15
5323 2133
18024 17675
22365 28180
20710 2818
21405 10009
9059 14751
19532 14201
7905 22177
16102 29568
10334 22429
10278 25439
27069 4617
12967 8378
15272 20712
30111 18499
14039 11
2198 6897
6753 5339
6089 13583
7459 8471
9738 9599
8466 7358
2307 5833
3523 7097
9158 4316
2575 9291
1236 5586
46618 19
3674 36946
41472 30267
20383 20363
19854 16715
2351 6232
30541 28486
33740 29648
19347 32601
30304 27062
5505 31751
41861 21294
39493 5884
37872 42719
21952 46342
14531 1783
38729 33957
38745 18204
13089 8104
45958 12509
6040 41
1533 3718
4051 1860
1416 5174
4471 3128
5186 5381
4768 1422
57 2754
4107 2940
5011 4637
1625 5406
2656 5451
2075 723
3722 6016
5756 701
4140 1425
1215 4469
2400 5672
878 5265
4464 5928
5268 5348
2841 3609
2435 68
5119 5010
3606 501
1978 4090
3500 1302
2025 4633
680 5574
2346 5746
3243 2507
3047 2557
4301 4457
3681 5446
5333 5178
557 4217
1785 633
2812 3398
4479 291
791 1890
2051 4156
5457 4880
33943 3
12839 8260
17346 10101
7891 18735
6261 61
3506 4254
3350 3808
821 2061
2250 5739
1859 6169
291 2529
3269 3159
5618 3116
17 3655
4647 3814
5212 4466
164 1607
104 766
1701 6165
2505 5037
4815 1635
968 6010
1809 3689
3167 1788
1695 4059
2112 550
3709 3771
625 905
84 4851
2403 641
632 4731
1862 1354
2119 795
2484 3751
4312 5605
978 4988
261 2866
293 1945
3733 2069
1652 5245
5795 952
4723 3763
193 5028
3617 872
3299 276
5006 1544
2897 3930
249 2392
1668 540
6144 2732
3244 5979
4369 2647
4591 3504
1097 4662
5431 3848
325 2749
2036 489
5516 572
1443 2228
2504 4657
6201 4741
4195 3034
951 2836
5162 4443
2699 2618
2335 569
39089 79
3809 25399
34302 25480
26677 26552
23644 27648
3886 3071
36962 1155
32609 32650
28129 1894
27874 32527
4138 34269
34435 3921
16271 933
35684 1638
3010 6776
38082 26615
12924 31320
5544 2802
29353 35059
23617 32221
23125 13907
2895 15336
35820 20998
10725 35503
16774 24859
20038 38598
3429 20912
9678 15383
4855 19700
14309 6273
32887 7864
94 13301
16102 33644
29613 32561
13526 33288
35028 1974
17310 36650
6392 37923
22170 14040
38898 17116
16625 38944
20766 7680
23062 7887
27586 18277
24549 15750
23613 2805
16106 6180
27657 11541
31935 20041
14240 18180
7988 6371
3931 37101
35934 25297
27170 10323
27438 6849
6703 14812
22491 4973
12860 15302
33578 6463
10047 28279
18918 6872
885 33659
33033 22857
30731 28542
34555 25878
32248 32804
30816 3453
16583 36179
34335 15494
22342 4663
19474 22683
15490 29044
32179 2875
36261 16183
32295 14502
21373 7218
28710 39046
22813 22257
38632 10488
24199 2289
45950 6
24919 23086
1560 37517
42303 14060
1720 21379
17848 9491
13945 23107
91023 20
79526 74339
10654 81351
28201 1794
55327 45789
89532 36818
68044 39123
15532 59011
63254 66207
10402 71311
7136 75517
45009 52199
78774 14912
2388 44954
50728 39205
13583 73127
56443 51019
41346 24077
25870 89087
43853 69547
37332 81196
13640 66
3764 12695
12695 12512
10284 1478
6470 2265
4353 112
7306 1795
4739 9750
5786 4498
7549 4272
6445 10956
9500 5658
1081 4618
11425 11266
136 13003
3002 4341
3395 10574
9446 4718
6195 402
618 6089
6200 10616
12410 4970
12671 11457
2314 1460
5731 4816
84 7814
13471 12175
1105 9583
5161 12504
9818 12529
1182 5296
2229 10772
1849 4576
2929 11674
2074 8043
5018 3546
6468 8273
4041 1739
3198 5498
10314 6355
528 8929
5415 8349
4291 11951
8766 6519
3360 9451
12698 4943
2074 4541
7068 12879
10912 1874
9916 9997
11494 10938
5570 12885
983 4321
9819 9611
277 4181
11061 4444
12792 12396
8658 2835
7306 1394
8797 1735
6678 10665
13157 5806
5044 6703
8577 6584
892 268
11205 2804
2049 10338
56766 57
4864 28093
32853 4226
23415 43394
23922 9719
3920 17060
37290 17375
9570 36003
4333 18014
44427 31301
19081 36785
49590 29601
7364 34395
24331 47742
42169 8856
22477 50833
53057 5186
40310 27341
13968 3276
12994 6958
54916 12021
3528 47811
1179 9571
27584 13097
18529 5511
16427 46142
49874 37609
46136 40149
31124 471
9326 13700
7766 47424
52609 5935
33275 34954
38229 36152
17242 21374
7527 25355
16399 15391
55859 11054
55048 17578
53986 808
46949 16810
54418 44545
27927 40057
40527 43787
720 33182
23839 23985
29919 39383
48469 50579
29965 37325
32830 29931
29417 21338
10860 40356
25541 19948
37525 9952
10759 23822
14763 8876
53420 31839
15129 12415
66824 74
6855 8228
60330 42857
12009 14111
57244 39628
26890 30285
38420 14828
48405 16183
55143 52682
31895 65626
21301 27955
34895 23083
55409 25955
3585 23287
49365 45440
41760 49970
30613 41308
56580 48614
35141 24118
36161 1764
4465 64800
52043 63050
51648 15300
1157 33623
4840 12382
40337 5468
966 65380
24510 47647
4109 28790
7406 510
22895 53474
373 21581
3370 53507
10800 29368
3547 10926
8901 19376
15601 8011
23310 60943
157 39665
24462 63707
41590 44236
42791 64798
45620 14971
43761 39716
12642 22145
48034 23582
45162 35536
22219 20822
50189 20947
31873 5434
24810 53735
34162 13189
46548 12826
52490 57471
26769 46704
24116 10128
47341 40774
55745 39322
51454 65377
20697 32681
28678 64095
32806 41146
61967 46255
377 27440
32874 45331
32241 4665
17854 30099
42924 38818
1881 64401
44280 1006
50373 28649
2599 40811
52549 3305
1857 30759
35855 37178
97689 31
39389 87533
48671 44188
79044 27261
8668 44864
74144 90769
16263 28697
32970 88274
40727 70498
28146 25381
74487 31858
92154 65422
29484 57327
76467 95687
22560 35382
81625 43231
33074 15408
59595 36963
77863 95383
42557 54588
61306 86530
31176 19011
23234 77568
64016 64146
89526 63960
11768 92161
59894 79962
53238 19871
17868 5327
40708 32015
75245 54066
83112 38282
7206 63
2582 5795
1155 5838
171 4520
5077 5277
2445 3255
2994 1986
5991 3199
6218 3482
1059 4871
4260 1789
2408 3131
2494 3042
3218 4494
5594 6738
5744 1811
5636 1489
120 6355
3668 6790
4860 291
1575 1539
1554 5334
1326 4568
6079 5574
1269 5574
156 7137
3062 5528
6600 2564
5087 3585
1146 641
2452 3474
4963 4919
4068 881
464 3112
3402 5765
97 3353
1481 3006
367 6886
3284 836
6409 4476
4406 4552
903 4595
7158 5497
1875 296
937 3068
6541 1051
3999 3388
4268 2327
5439 860
6625 2761
6113 6870
700 4751
2461 5623
4489 1066
3571 3774
1119 1721
6315 771
6267 51
347 6266
2127 6172
5252 1283
2700 6698
7054 2044
934 4997
16638 62
7208 11042
12508 3125
11556 15971
7974 13906
12537 10104
15242 10267
1987 13179
4494 16517
4782 9141
15928 11210
6514 1315
9354 9987
11905 15141
5171 5989
13151 11390
5793 4513
7637 3370
2702 1662
15218 2204
11957 10325
3953 11116
7307 10561
10439 5939
14730 11450
6021 14870
16184 13669
7018 12534
10686 8549
14538 2284
13673 15506
3380 10700
13719 2477
4138 10666
12870 16420
9756 2717
13483 8188
2110 13709
2659 4151
15250 12548
10780 750
14419 4632
177 9975
1536 4798
6731 10512
9379 15723
9434 3415
5891 12408
6435 6514
5945 10028
12395 2666
10854 15700
12770 9239
13039 12613
8173 15079
15828 11650
15931 1964
11588 13258
1067 15757
9280 13123
12207 7447
10861 2020
14427 5002
62395 24
6312 59392
37183 5242
14757 30772
29043 7626
19632 52528
48863 50192
50679 26474
941 5126
53744 15460
44601 38956
54425 38814
24674 54164
29809 37784
29835 11
58350 26073
23069 13447
18688 2266
60499 25318
60405 33444
51039 27146
14942 17642
9182 37506
7698 30687
46146 10123
34547 82
34539 12500
19552 24128
19503 7002
7013 2302
30148 13310
8873 6383
19042 27254
29527 8185
5941 3438
6257 1924
31069 12234
9332 5462
14002 12877
16373 3913
25322 13627
18545 33427
15427 17732
24733 30516
32817 382
6110 31746
30547 20837
5962 7401
15586 7460
10897 941
29830 13945
18597 9573
7453 26351
31647 20347
24259 21454
27499 13472
4771 7452
25183 3916
34431 20197
12997 7788
31952 25119
3827 11526
11345 20370
27829 9788
3148 26930
33293 31145
6170 25396
9619 9761
30108 13622
27494 6718
12608 12238
19690 20446
24361 17378
29993 2744
2950 16663
34200 862
12387 354
20723 3480
5686 23731
8533 14005
10602 8833
34229 34244
9458 9190
15230 9300
8436 31984
2093 8176
28621 21043
30840 21782
16945 10853
19934 26285
27146 19894
12667 19587
23066 31951
13554 33389
5265 28751
30003 22086
14201 8285
9893 22103
23821 16077
13513 25122
33298 32256
18751 15606
29806 19790
23062 15043
33747 4622
24516 8448
28034 18764
16168 2635
76425 86
72749 52012
22718 19263
57764 3337
44570 59353
16781 36935
72246 45121
36449 14753
41561 34038
47110 51006
14819 25350
15658 22032
40129 63630
21099 15343
15203 67833
31159 58849
16862 13217
32479 9909
13245 22006
63786 72669
15605 57814
8936 4141
18893 11426
27890 45384
2392 42881
50657 57426
61884 76062
63266 66314
5232 25588
75847 7939
49215 2861
16077 30580
40489 48503
52936 30982
27226 53733
17549 40296
44436 42830
36682 8911
54295 45755
71062 64572
45572 39113
38749 45293
35182 31031
39045 25589
15954 22840
8127 38466
69045 65168
37246 24204
37612 15535
51695 13756
36478 64837
13669 51670
60580 4488
32669 50350
20923 20876
59988 27306
55025 48922
3527 22311
30326 72633
19047 24998
63463 46280
17449 27174
33804 38509
54044 54694
50876 71415
42254 11740
63409 10928
74267 55922
12273 47563
50866 12938
40243 33196
5692 34428
39166 18842
15050 68070
16642 69491
21772 16523
26123 62531
24614 39221
76341 59926
54916 61084
55250 50792
44146 3171
59092 42233
72223 41988
37352 53791
69413 46663
63517 1169
69606 36
69287 39742
63613 27684
52725 9933
69098 23749
54906 1855
44336 50180
64247 64860
46115 14943
920 8116
59343 57134
42800 43272
1453 50595
43549 8979
32012 44100
56495 44051
14186 51439
10180 56840
67436 8856
33269 62904
64759 66928
47501 18568
13821 40152
55758 42805
51584 60599
48127 57341
31006 41985
23637 21984
31627 32458
7615 67186
41630 63638
46134 64110
51343 56479
65999 56314
49611 49172
47157 29661
48228 44763
7899 1
4119 802
81449 52
69831 33669
61047 60329
53138 12368
13302 9544
65377 41451
4871 69423
30011 42099
1268 20114
2884 69092
28559 76534
34334 56831
974 33247
6486 15494
52051 9933
17704 46979
81333 68909
47789 6085
18453 60931
71160 19477
60927 32440
21099 55773
16422 66483
5147 51110
39438 17689
12774 8716
65547 68682
20480 47793
63286 67206
77138 26965
74629 33887
21347 14078
20163 74512
54679 69821
8534 39301
72426 44389
18712 70146
55179 12761
64556 35819
53508 60326
69041 22545
9777 66967
33996 53824
40266 30942
58592 15833
50405 36641
50718 51771
44834 72437
60808 71566
30103 18063
63138 69341
58037 21079
33840 1086
10092 63
2567 239
1197 1729
192 8896
237 5662
3239 7126
5073 3693
928 7971
9202 1770
2653 9765
6662 2532
2884 1792
5541 7258
1929 1003
7847 1584
6099 2652
2891 38
4890 8665
500 7211
5904 5081
2115 3860
7553 9143
7021 7187
8956 1512
4308 9254
4818 4641
6432 878
1167 7701
1735 5004
9711 3095
5747 9581
2651 5717
7413 1669
1911 7540
2529 7913
4804 7815
9989 4643
4861 5388
10024 6917
9202 6849
4521 4239
5116 3927
4659 860
5863 9406
2409 9517
2038 8606
4230 8155
2855 4688
5259 1551
2495 4765
2487 819
8585 7298
5718 2383
2331 6478
3234 5649
9887 4565
1523 7754
1645 8035
7348 6182
8730 7507
6020 9756
850 3799
1518 3282
4832 3704
3757 40
2869 469
2341 3654
3122 2031
2902 9
2314 2622
163 1733
2342 3181
1988 704
3490 149
1544 1175
198 767
1578 423
2067 2034
1469 2304
3311 3030
3498 44
2464 1190
1987 2081
2090 1828
3217 1131
1630 3170
1360 3379
325 214
2886 3347
765 57
3348 3196
3618 962
1762 3692
1005 694
3723 1997
807 559
1748 2230
3078 3271
108 3734
3631 177
3346 3324
1713 270
3007 3473
3062 804
3385 2135
49384 1
47207 31344
66958 2
6270 22911
39920 54064
59319 13
18589 1610
10030 44975
44979 58378
26431 51165
42960 33518
25181 20211
29000 37093
57840 4516
48993 32024
9449 39722
6662 3547
34401 5986
16583 18399
932 1
310 684
75015 28
39634 3148
9602 62894
39745 52939
71202 63492
18783 62373
69151 64826
9834 6004
16013 22528
63192 51518
28289 6118
13121 7934
64499 48089
67768 67789
70192 54190
16872 27504
1408 74330
62208 27262
5185 11010
45258 72710
60067 47143
36954 64040
70043 24960
18244 17544
39818 56812
62930 6420
60125 38864
57709 46807
10337 49609
35581 79
17927 12547
29072 12217
23279 13559
20825 11952
24011 28195
12465 10066
23991 35007
2267 955
2203 17217
4034 4051
13679 29918
5327 8674
29752 20005
27554 12793
11825 18657
3229 29978
14220 1777
15335 32301
8671 1918
2138 579
18251 4707
4132 14602
23164 6661
31484 6399
18056 32973
27309 35517
16216 3760
23765 4661
25061 17993
1069 23344
17740 1304
3080 4297
1016 3986
13510 26021
34206 17293
21999 23254
2274 16876
23536 33738
12162 33044
30436 19438
26981 30217
6003 29770
34431 15222
33215 29767
17529 23910
32820 34283
2998 7295
18887 7925
33945 11621
939 32396
20068 32570
13864 30545
28701 29948
35018 9425
888 12888
15130 29872
31667 35475
15116 21132
15317 30516
26451 20356
26664 4872
12166 23689
31613 1687
13307 31052
35473 2003
6598 21853
16816 27566
21932 20461
1911 17542
30429 28975
23265 10405
10299 9977
3135 19351
21892 33021
25402 18451
30929 12762
8476 16484
18170 7513
10590 4508
2627 28
438 611
960 1564
621 1255
1013 779
28 2601
145 1689
1626 1998
1263 1635
2083 1163
1381 2226
1548 1989
1660 1104
1114 2249
1661 1122
912 1416
2027 1578
48 883
2137 2520
671 668
175 522
1744 699
2230 319
1488 276
1439 865
2624 943
305 2353
363 1545
1166 1964
79795 37
9217 39793
12426 57306
75236 63989
54589 18162
11724 24191
22746 78677
65517 60871
77226 43509
73301 36359
11553 28266
33256 76458
6587 18119
53521 61616
59945 46163
64543 37178
76970 67893
4795 33151
56531 48787
26340 236
63613 31324
30205 38063
58325 6564
9464 55113
11676 55756
4226 2969
79426 62415
739 76668
58488 45404
11772 13651
50829 77825
25314 35706
28248 7395
56182 30108
30343 4983
36306 2726
181 14161
59911 25903
57975 89
44002 55904
1455 36233
33744 51535
31092 17732
21266 2762
6630 2377
31976 43359
11779 955
51764 46979
32526 30176
32198 23255
29913 12784
31406 35285
45672 49188
56489 10661
34891 4389
40621 42516
36075 4672
22404 16389
45453 35493
37869 43669
55354 20409
21363 11869
27174 35459
33961 15151
6733 1725
40810 8183
11794 36645
54159 14240
51202 25793
30181 20999
5539 54419
1116 39128
23843 9940
13760 23519
35514 11320
31728 51628
31824 1219
36677 21417
36568 1022
2746 12662
47146 43300
48271 11882
52423 964
26756 12781
33779 45649
10420 25263
6415 7645
43886 11535
3380 30258
9904 57645
51298 7220
8438 9959
31375 25146
26167 45114
26102 9967
21593 55215
9121 15272
42537 11888
50970 3569
17544 11318
4907 26774
34418 27963
7824 11322
41579 20328
46300 11203
18422 19809
29767 39622
33094 53161
40299 29469
39435 27587
24826 8425
49998 29355
9569 2274
32144 34560
14204 2564
29337 49687
45977 19110
56733 32081
20735 53800
7028 8663
28472 9059
17007 51751
46937 26565
56033 50100
19712 55562
32314 37493
35174 12864
41439 24336
21817 71
5063 21645
6395 15282
7951 20264
4796 10866
10039 1930
9757 12480
9932 21414
15603 3033
20802 14194
5785 1202
10626 2017
17724 19846
16730 6773
15831 3325
8446 15928
15756 404
1165 13509
19251 7629
18494 9115
18340 9526
188 14011
13608 6279
16607 17415
9791 14689
1369 15592
17608 1055
6379 11994
4246 13514
16838 1291
2698 5555
5958 10762
9749 18453
11560 7122
1715 14479
2187 15532
7725 20055
11812 2374
5267 21332
21499 6602
376 537
1591 1050
20340 3462
16975 15265
16556 10064
15618 19291
8235 4732
1367 7054
21472 17984
17941 20222
13936 1369
21423 20127
683 7139
6654 11418
3498 13245
13781 13631
160 3873
7334 850
16115 20499
8745 9787
7260 18149
1063 9841
16894 973
4435 9725
8129 16548
17917 558
20684 7543
14681 3001
21714 6845
5569 6813
20444 3394
14562 19349
9193 23
6195 8843
119 398
744 1771
3290 8225
4771 319
8546 8424
8472 1064
2602 7667
4481 6226
7183 2687
3830 4678
8442 2589
3340 4433
1114 8921
6147 4922
4571 6314
6711 3148
6070 5842
6025 8606
8924 1318
1700 1602
2666 235
7901 978
76742 83
41401 28898
3426 73232
2441 67239
29249 1278
24869 60177
68017 69634
7453 59790
62561 26480
46918 62563
67891 47420
64248 35680
50338 46955
49492 75271
69940 31879
48762 14110
30745 4037
65006 1158
68397 34170
35447 67446
38619 8641
1532 60315
31100 17631
44110 8985
71547 4656
39813 2023
25441 50433
20645 27318
25847 75778
30914 70137
71984 6782
75298 67413
68570 25986
60156 63562
42003 47962
56603 6598
54651 68359
9248 58134
54856 9008
1402 41095
30856 37398
11089 41214
56270 56296
43069 19471
12865 5374
76635 61720
40128 8106
21830 62928
49747 31955
67655 5243
11840 2746
71104 47515
16644 66490
63236 68089
32442 59238
19893 52375
16846 51035
30588 18719
38190 73115
66226 61394
46371 38792
34636 53856
40042 9756
29448 56465
49445 784
3529 20360
55612 61284
38770 62371
41455 72256
54751 13001
53113 61634
35926 62381
68838 69958
54069 66513
38902 30285
69076 31290
8404 73010
6023 26969
6691 36183
36966 23209
31306 56135
28415 28233
1599 74656
70169 54922
26623 1
23755 16193
84846 26
1487 69954
82395 31462
59514 50239
48489 7864
54046 65570
20430 84214
56844 56792
20928 16725
15055 59413
45533 25214
37543 7777
70608 26559
75968 70405
80277 68947
83482 36892
75457 36141
67603 53581
18973 41617
49481 42270
76451 36073
35440 18680
75471 12035
82217 60895
4074 65011
58836 12425
73660 49606
92158 14
51962 73473
33912 58744
12085 78378
31950 53541
29543 61239
1450 52396
19088 65222
57178 88292
59939 19342
24294 31330
87240 38775
89125 54286
82965 2857
63451 38748
96512 52
59684 88691
86806 26484
62005 15297
50148 62954
21148 96231
91634 4678
17265 75469
79206 55501
24043 72545
13582 24302
88965 14466
66634 45915
70760 52451
34611 85212
75259 16876
9054 88799
23635 43294
58591 4211
72028 85639
90221 17090
21767 93175
76996 85343
49195 39032
19928 59689
83991 73237
92567 33509
79423 76443
37245 67552
56251 58534
75409 71855
69006 34997
83154 89326
93536 992
91494 50096
67185 73915
70578 85203
78897 88952
36335 55925
19101 31579
13168 56262
89770 11443
92749 9222
81637 77544
39566 38346
18552 41375
81235 23326
21004 87557
93412 67876
21460 18027
294 88394
81948 88644
85947 70871
28620 58
13538 14621
20078 847
19638 7797
14822 1559
24423 19518
14759 25946
27148 9748
24861 16855
22215 26514
594 22968
15731 6727
20028 21621
14928 22968
24598 13803
22202 9015
23635 26316
27162 7119
4348 15093
16651 7611
16561 8601
23979 1885
1064 2699
19553 22506
9832 25925
20272 2580
9306 28477
21477 7382
1729 18765
3947 7784
6230 26326
24021 15580
12130 1245
5769 11995
19605 5909
14510 11851
3168 25597
28296 27920
11237 4231
1535 19228
21807 10500
10356 21807
568 20544
10688 3212
428 20349
18054 4066
9077 24709
25953 2887
4313 21207
27115 21153
4384 13349
10326 2436
1735 25603
1213 10001
608 2404
12903 2748
24554 11847
21822 23259
15902 14553
16322 80
13749 7961
3972 3621
6709 13674
16016 12416
12393 8255
13781 11474
1286 4784
406 11604
13450 14428
3339 1302
7203 4126
5922 14900
4190 5914
855 14079
10854 14501
8032 9577
15089 10173
7524 12003
8096 7367
15621 9109
4260 6058
10841 14972
10253 7437
5543 11246
12548 9273
13398 10773
9350 5320
11234 2997
2645 15431
13610 13980
9126 13499
7349 5319
999 7893
15259 442
9550 10986
722 128
669 15701
6816 11562
6486 12813
7655 14250
8700 4603
9922 4730
9618 1728
836 4833
4382 14155
13223 15
5333 13508
6970 4249
6582 8223
4779 5906
7925 1701
1079 5500
2631 10485
8868 7894
5821 11008
15610 200
6822 14521
1818 9210
15934 2009
16163 4545
4560 3994
1179 13063
2881 11784
5577 8148
15945 9462
11162 10355
1424 9440
5494 14133
5704 4054
15062 14361
14561 13417
11615 14349
9128 6952
8960 13432
3546 8740
12733 8801
5541 8105
5459 15803
9520 8422
3453 11035
60542 26
41769 28995
22163 47168
16337 28959
50929 41758
15774 1640
9999 58159
58826 754
41247 24750
58909 27744
39848 7847
60251 37927
48379 38894
18939 57983
48601 4566
46616 43150
13236 25167
13426 29476
58434 35398
18247 29763
33036 48821
48071 34021
36408 43034
7242 46355
15190 17113
24959 7242
46803 55037
66341 57
19982 9362
46410 57538
46085 25815
57603 14908
47809 21418
3266 8168
43901 14779
46674 53683
32149 7267
28166 19146
11083 30975
54293 38637
14561 14828
14980 48645
65688 59842
2862 63519
54715 60191
19665 49271
38700 8980
4919 10926
59956 20168
9468 8184
61866 37516
19304 56141
8945 2196
33170 47469
60628 20028
9377 61984
44287 49710
43210 24357
21534 18155
12005 20593
3523 50770
34271 31669
17116 16744
11433 13711
21894 10730
22767 20900
10699 58281
60476 16592
38583 60507
14193 27304
63809 32869
16237 23569
22447 16276
34431 33968
54560 43980
2930 46435
52625 32604
49348 11722
25432 3399
54991 60780
15339 21847
13787 11417
2530 559
61065 7921
9747 41112
56658 61
51122 43628
23251 5053
31914 20516
2621 42424
19644 39969
23038 31240
25501 15265
47823 55533
20623 27852
50270 32715
56587 1152
14649 12684
27050 6361
28122 53097
42106 38774
25744 26480
31532 4437
49479 48994
2627 31314
39150 19967
19074 22270
37534 5529
28930 12442
40294 53224
29280 49552
18571 33905
14456 53735
27963 1087
22051 41505
23621 56084
25905 7499
36461 17232
9567 25305
24486 53807
17115 36719
2330 31503
37031 4057
16498 7731
4296 9302
26721 133
1905 1443
55177 13159
14246 16360
25733 26481
50433 36296
11662 17221
34452 44205
12851 48123
45271 11886
48604 5204
36706 30254
34310 50933
2005 41605
18774 18675
18808 30826
32268 13363
26521 20712
4940 30787
25135 8634
44930 30672
47892 43435
36383 41
32208 5434
1918 4228
28326 19630
34222 17844
1407 25711
32818 20778
3534 10801
2093 19794
31197 32624
4922 12043
19244 26946
33335 1859
14484 23157
16325 13746
24225 22146
14123 22640
13412 6594
26223 16040
20427 5354
17608 10605
17926 21833
19177 14043
20380 21459
17700 21269
33311 15193
28682 9165
11023 16172
25872 25633
25922 12050
20739 28740
1541 13764
20357 21405
1061 14952
6849 33123
30271 8031
16407 24456
25042 11813
33271 35583
20468 9038
10774 1131
10295 3939
76669 17
51729 6932
76422 32538
47906 44930
1217 72580
62324 22622
16534 69791
17443 2711
73368 10104
49672 13982
41538 40554
73834 61043
31531 58317
14362 17384
56376 74879
16723 59775
5080 40790
11701 68451
76100 3
52849 63579
17131 61097
40675 1552
25074 48
17263 8205
3502 22686
11239 6169
17535 24456
10703 5640
8002 5335
20396 12226
24139 20945
2649 6371
3054 13630
16194 24678
3978 12918
9496 14426
19451 10130
22155 16221
3507 3433
1045 18499
24668 7009
6390 16439
22078 17128
22462 21248
12555 5005
5031 21939
3235 15776
4331 11836
15595 10445
23362 24680
14031 19573
8784 7783
3085 12564
15996 5865
24363 6592
13600 21196
12560 3038
20166 19989
20319 13720
22880 21709
22730 7799
23574 2837
18828 890
15490 6987
6592 9348
8002 13777
642 24779
12268 16786
1732 3726
14473 7345
3467 5176
86980 55
69005 58342
84049 80563
68669 35919
50675 23191
22923 78894
60444 23805
17721 69694
27531 11527
46562 83536
49460 83141
12222 31889
40640 24109
10524 52703
83546 27861
47032 34572
58485 70293
63875 81608
30546 21126
9888 11136
3049 46793
36169 32810
68075 29064
40591 19461
16016 8625
4785 172
84612 31048
55156 69558
35280 3843
84255 65679
65822 84398
67710 44307
4506 37327
58452 10177
21312 624
47416 68339
66720 76912
18996 83584
16064 47814
22010 59586
25329 84631
28698 79347
61924 75512
79354 83854
28124 10224
60193 76629
86507 6966
9864 40922
51098 56584
57207 33887
15245 37981
27913 17642
66797 47536
60921 46908
72065 82860
80511 82930
99973 55
5326 52205
57213 52877
2115 59164
15077 48989
44951 64552
51634 54677
13282 89997
30258 21661
36999 51789
46397 57042
58708 17791
52361 10782
29516 61893
91274 60309
77724 82304
70900 76393
65661 19441
78605 28140
13520 67775
32353 93681
84750 58470
48493 20378
78403 34423
86211 15142
72183 51794
69584 68999
79781 67282
65566 21972
18672 45688
28018 56866
33285 96396
52228 98917
63448 35337
3138 30859
60932 76967
35463 71855
28625 82073
16522 20347
35488 7054
58847 39124
8150 44062
47735 64823
23186 24322
70009 13327
70193 41857
74644 98026
33361 39869
75206 26899
94122 96809
73802 14735
86590 91445
73544 9292
29638 15241
58659 26457
65581 1518
99898 63
26332 26644
64769 73362
24298 3175
47717 52966
86473 18270
74282 13972
32608 60735
64849 87894
36113 10353
76491 21771
10159 36209
64408 37633
78042 94982
83652 24154
28255 87078
37481 31504
4967 54586
81418 2351
78974 52922
71192 29236
43207 89206
73700 45575
57228 99472
9927 38651
60421 93340
53309 86417
47809 94237
13080 17818
41971 49610
60447 96732
28337 93883
72228 97927
24037 56961
9984 53747
6743 26770
16077 81175
50509 73607
73181 89777
52187 7838
24938 83107
93283 36367
30705 78246
96063 64851
14563 67442
64275 61794
55778 75009
96696 16371
73331 28108
5614 20834
47604 83315
88249 12356
85963 87338
976 38860
70355 59245
66111 53162
13288 19052
97297 59495
24447 67650
35194 17222
2775 62667
61436 99468
15941 58552
10419 58233
29445 99
7079 5431
105 13585
17546 13641
8637 23773
16811 14426
2055 24296
2236 17331
27733 23218
20026 24154
22061 2811
22008 27543
2236 22974
14783 12104
101 28479
5859 1009
5531 27051
10282 12029
24761 4728
28500 27827
11900 3044
27340 15866
2843 13046
6818 28667
23375 1131
3941 25935
23124 15991
8611 25040
6791 24452
23485 23393
23494 6891
4496 28435
11019 29024
4306 14778
12251 5426
8470 3361
18318 24150
7750 5456
4677 21160
22290 13660
9241 28051
14596 25322
20009 2920
27371 22299
16246 26799
4244 20502
18584 10294
8965 7832
22609 157
4674 13270
15722 5414
28656 13143
18598 4594
24846 6052
19711 23274
21880 16782
11751 28952
1518 6122
28420 2314
29112 28888
19036 14313
23698 3002
10833 8174
7422 3217
15579 3088
7594 12096
24330 1855
5541 6804
12855 13483
6403 33
16814 2213
1719 27374
3143 28564
1432 3236
1770 1209
15521 190
2284 20805
28071 9774
12990 13116
15296 6047
17234 28568
70 22889
247 12119
24693 4702
4734 12193
14405 742
28116 21547
19758 15215
18450 1813
3021 20281
20471 19311
9763 17634
27407 22754
5516 8388
13526 10043
9166 20811
14254 1315
12525 8327
13028 13592
24877 6864
88156 49
49001 76131
52779 35545
23109 31989
84222 58131
44894 38195
58979 48621
29625 49490
31979 1674
21848 30160
3399 11803
35030 44154
43385 42871
56438 40269
82775 36234
61221 59057
47031 30457
66001 22066
50566 8165
62808 954
39148 43143
3607 19545
65546 6482
4667 29743
59903 9368
17682 26514
70668 59813
11039 52712
1336 25896
58642 63988
34888 84111
22923 31706
53771 78431
83107 767
86388 12693
55835 57758
73814 33891
40372 55954
85696 51203
57082 45038
71552 53954
22122 74764
35831 54063
76470 33161
5504 37166
29632 46955
75173 40392
30666 52554
49833 37299
49991 25616
95512 25
57127 49762
73663 3959
14498 60862
81240 63338
80392 86107
5366 459
13761 90169
76749 14728
52742 14606
55909 55797
27592 10433
90319 52841
33175 70325
18304 22559
25582 32522
90443 63945
67904 90868
64378 68593
36418 90561
89315 50105
50563 29457
24114 94681
22056 72483
95248 13510
69306 74797
20444 73
14432 17201
14485 368
16618 5215
12356 11757
1857 10367
14991 13714
15018 11452
11740 1956
4080 15691
17460 18171
19603 11174
11500 11169
14338 7558
12687 11303
27 5732
2488 6388
6755 9458
14672 11973
18729 18372
8294 6583
20296 141
6593 2840
20239 9869
5116 18332
16058 3874
10047 2131
8299 15216
17774 16546
7405 2192
7923 10016
16403 2431
11888 5411
17383 18157
16084 6116
7698 15667
10807 19377
17217 2550
12418 17399
15287 17011
15885 17533
14663 5900
16116 487
17033 2517
4709 13445
18460 19437
1423 7631
13041 9418
7130 13310
14425 9979
201 2769
17145 17123
19672 11008
7962 13917
5484 11645
8734 2804
3704 924
1410 2952
5469 19819
7819 13442
12434 5177
12807 5834
15251 13856
1722 404
5382 1936
20148 11146
7824 5583
16590 11848
321 7051
13696 19551
17355 5804
6727 1985
20380 614
15432 3136
4928 21
4164 4850
119 3355
2135 3215
54 1561
1560 4492
2069 4619
1105 431
3042 801
1947 4334
4041 418
4365 2670
4790 619
3616 803
3987 3922
2321 1219
1908 3968
2394 1557
4771 2026
4354 368
4859 664
354 1753
27888 66
9488 9187
7472 5992
1578 15130
23736 15192
4146 20950
23305 9021
19214 21089
20275 7675
6378 5503
12771 15574
27887 5283
24915 21109
17852 7488
16520 1981
19964 18189
3391 14318
24214 1563
16693 14767
2070 25791
22756 16444
1480 6216
3320 22076
1862 20694
26196 27499
19088 12143
17426 14982
8202 19087
2590 18356
24240 2069
24161 19110
9443 16316
17878 27552
18334 5768
3670 10586
3045 20403
2634 2442
24517 4525
25218 9858
9468 2395
18441 27429
14522 667
23657 7978
2349 26627
4711 26247
21372 26589
18920 983
4550 2926
8694 8909
23399 26787
23206 16267
22612 26443
3079 25839
11712 19241
25539 4312
3852 25083
25750 16091
85 22277
21015 25422
23780 2433
5037 1741
6628 21167
24093 23956
8881 11177
13980 8802
25068 4391
2945 9297
